# RA DEC
6.633358200000000204e-02 -4.394943899999999815e+01
2.499118100000000120e-01 -5.780642399999999981e+01
2.767992000000000230e-01 -4.871315100000000342e+01
3.610300900000000257e-01 -4.041079500000000024e+01
4.028977100000000200e-01 -6.298084800000000172e+01
4.058657500000000251e-01 -5.466969499999999726e+01
5.138137799999999977e-01 -5.596206200000000308e+01
6.433170599999999961e-01 -5.240924600000000311e+01
7.842354999999999743e-01 -4.193073199999999900e+01
1.751369500000000023e+00 -4.711594999999999800e+01
2.740800099999999961e+00 -5.120773599999999703e+01
2.977938299999999927e+00 -4.623511899999999741e+01
3.064885100000000140e+00 -5.387357800000000196e+01
3.302944300000000055e+00 -5.723733800000000116e+01
3.328994199999999903e+00 -4.911511699999999792e+01
3.411097300000000221e+00 -5.317182100000000133e+01
3.471473899999999890e+00 -4.635631500000000216e+01
3.696893600000000113e+00 -4.987716999999999956e+01
3.743278399999999895e+00 -4.060311000000000092e+01
3.882411999999999974e+00 -6.000011700000000303e+01
4.759977100000000405e+00 -4.085963699999999932e+01
4.831265100000000423e+00 -5.545283599999999780e+01
5.381125400000000170e+00 -4.903602099999999808e+01
5.548892999999999631e+00 -4.173661100000000346e+01
5.667246600000000356e+00 -4.298084599999999966e+01
6.367072199999999960e+00 -5.057159200000000254e+01
6.491467899999999958e+00 -4.155404200000000259e+01
6.822767599999999710e+00 -5.025238000000000227e+01
6.915845299999999973e+00 -4.771510200000000168e+01
6.943548800000000298e+00 -6.343005699999999791e+01
7.018413999999999930e+00 -4.144506899999999661e+01
7.515035499999999757e+00 -4.496402799999999900e+01
7.533823700000000123e+00 -5.222403400000000318e+01
8.476725000000000065e+00 -6.344628000000000156e+01
8.590583099999999916e+00 -5.590129300000000256e+01
9.175810500000000758e+00 -4.418490200000000101e+01
9.444144500000000164e+00 -5.079714799999999997e+01
9.720425499999999275e+00 -5.273901200000000244e+01
1.020483600000000024e+01 -4.413292599999999766e+01
1.025129699999999922e+01 -4.447846299999999786e+01
1.029315500000000050e+01 -5.112856399999999724e+01
1.096964200000000034e+01 -4.872350800000000248e+01
1.112320700000000073e+01 -4.062817499999999882e+01
1.119214700000000029e+01 -4.100163200000000074e+01
1.182066099999999942e+01 -4.511305999999999727e+01
1.209005100000000077e+01 -5.274873099999999937e+01
1.217425000000000068e+01 -4.484754099999999966e+01
1.223721199999999953e+01 -6.426902599999999666e+01
1.224834500000000048e+01 -4.580182700000000295e+01
1.236925600000000003e+01 -4.570990199999999959e+01
1.238249399999999945e+01 -5.325051799999999957e+01
1.279046100000000052e+01 -4.857757900000000006e+01
1.316207200000000022e+01 -5.696059000000000339e+01
1.319298200000000065e+01 -4.586048799999999659e+01
1.359084200000000031e+01 -4.077593900000000104e+01
1.457990200000000058e+01 -6.176351999999999975e+01
1.477739500000000028e+01 -5.109341500000000025e+01
1.501627200000000073e+01 -5.398481799999999708e+01
1.566901299999999964e+01 -4.606472600000000028e+01
1.572942699999999938e+01 -4.926107199999999864e+01
1.591442400000000035e+01 -4.283337300000000170e+01
1.612896100000000033e+01 -4.386399000000000115e+01
1.639075199999999910e+01 -5.397174900000000264e+01
1.657051600000000136e+01 -5.392807299999999771e+01
1.661522599999999983e+01 -5.972135699999999758e+01
1.688569299999999984e+01 -4.891713500000000181e+01
1.691022099999999995e+01 -5.855200200000000166e+01
1.712859399999999965e+01 -4.369225600000000043e+01
1.713869000000000042e+01 -4.699545499999999976e+01
1.747722500000000068e+01 -4.076592200000000332e+01
1.758606800000000092e+01 -4.475955799999999840e+01
1.776857700000000051e+01 -5.441513599999999684e+01
1.784037800000000118e+01 -5.830041899999999799e+01
1.784455600000000075e+01 -5.531379299999999688e+01
1.802571899999999872e+01 -4.094560200000000094e+01
1.803542799999999957e+01 -5.050743200000000144e+01
1.839804000000000173e+01 -6.109406299999999845e+01
1.868123800000000045e+01 -4.139678899999999828e+01
1.936452399999999940e+01 -6.054030099999999948e+01
1.949421699999999902e+01 -4.629400400000000104e+01
1.953854700000000122e+01 -5.663394699999999915e+01
1.959896499999999975e+01 -5.194344799999999651e+01
1.972027699999999939e+01 -4.496620699999999715e+01
1.990648300000000148e+01 -5.932926400000000200e+01
2.079226500000000044e+01 -4.835884800000000183e+01
2.114538200000000145e+01 -4.302077899999999744e+01
2.119882399999999834e+01 -5.962551100000000304e+01
2.243465799999999888e+01 -6.454492299999999716e+01
2.285646600000000106e+01 -5.936169799999999697e+01
2.293307000000000073e+01 -5.608214100000000002e+01
2.341028100000000123e+01 -6.456677600000000439e+01
2.379183799999999849e+01 -5.903609399999999852e+01
2.397530199999999923e+01 -5.908136199999999860e+01
2.489893899999999860e+01 -5.208252399999999938e+01
2.493528399999999934e+01 -5.514903100000000080e+01
2.516761599999999888e+01 -4.856308800000000048e+01
2.554515900000000173e+01 -5.054377199999999704e+01
2.588534399999999991e+01 -4.487409399999999948e+01
2.614634300000000167e+01 -4.196006599999999764e+01
2.617953599999999881e+01 -4.812812900000000127e+01
2.626449099999999959e+01 -5.302948800000000062e+01
2.628240200000000115e+01 -4.443896800000000269e+01
2.629583600000000132e+01 -6.055935800000000313e+01
2.643965800000000144e+01 -5.068124399999999952e+01
2.665028500000000022e+01 -6.143654000000000082e+01
2.696521399999999957e+01 -5.637786599999999737e+01
2.709847999999999857e+01 -4.530233199999999982e+01
2.724136800000000136e+01 -4.700478199999999873e+01
2.764827500000000171e+01 -4.518935199999999952e+01
2.778979199999999850e+01 -5.691098199999999707e+01
2.782770000000000010e+01 -4.300038899999999842e+01
2.785970599999999919e+01 -5.990588600000000241e+01
2.823418300000000158e+01 -5.305404000000000053e+01
2.859111599999999953e+01 -4.840678499999999929e+01
2.904490300000000147e+01 -5.569800999999999647e+01
2.944939700000000116e+01 -4.012630500000000211e+01
2.948310700000000040e+01 -6.470599599999999896e+01
3.014359100000000069e+01 -4.887569100000000333e+01
3.039529699999999934e+01 -6.085863499999999959e+01
3.057558399999999921e+01 -5.402423799999999687e+01
3.067440900000000070e+01 -4.316478399999999738e+01
3.068704999999999927e+01 -4.462340100000000120e+01
3.083134599999999992e+01 -5.686128899999999931e+01
3.126807200000000009e+01 -4.962453399999999704e+01
3.127943600000000046e+01 -6.454574300000000164e+01
3.144282300000000063e+01 -5.848520899999999756e+01
3.157471500000000120e+01 -4.210996300000000048e+01
3.220693399999999684e+01 -4.442231499999999755e+01
3.282323800000000347e+01 -5.721602899999999892e+01
3.310609300000000133e+01 -4.695019800000000032e+01
3.370167500000000160e+01 -4.664826800000000162e+01
3.406275200000000325e+01 -4.232808299999999946e+01
3.406584800000000257e+01 -4.827652299999999741e+01
3.407229399999999941e+01 -4.851470799999999883e+01
3.411009899999999817e+01 -4.646035400000000237e+01
3.413836599999999777e+01 -5.750947099999999779e+01
3.417433100000000223e+01 -6.415593499999999949e+01
3.426528199999999913e+01 -5.023802100000000337e+01
3.430352899999999750e+01 -5.275601000000000340e+01
3.441382000000000119e+01 -4.318188599999999866e+01
3.455201100000000025e+01 -4.255548100000000034e+01
3.457747400000000226e+01 -4.326060100000000119e+01
3.481018799999999658e+01 -4.957621499999999770e+01
3.511995300000000242e+01 -5.475110600000000005e+01
3.541731800000000163e+01 -4.477917699999999712e+01
3.629513399999999734e+01 -4.345665000000000333e+01
3.647695999999999827e+01 -4.191767600000000016e+01
3.764179399999999731e+01 -6.046889800000000292e+01
3.775076399999999666e+01 -4.446401600000000087e+01
3.777680000000000149e+01 -5.405626900000000035e+01
3.807010900000000220e+01 -4.435412900000000036e+01
3.818761500000000098e+01 -5.295781900000000064e+01
3.825524599999999964e+01 -5.832739200000000324e+01
3.867863599999999735e+01 -5.852141000000000304e+01
3.894684600000000074e+01 -5.135158799999999957e+01
3.924770000000000181e+01 -4.963560999999999979e+01
3.941842700000000121e+01 -4.185631399999999758e+01
3.969942900000000208e+01 -4.907100700000000160e+01
4.016059400000000323e+01 -5.976969400000000121e+01
4.019875799999999799e+01 -5.987859199999999760e+01
4.053465299999999871e+01 -4.183601300000000123e+01
4.054704100000000011e+01 -4.973759700000000095e+01
4.065355300000000227e+01 -6.065261699999999934e+01
4.086154400000000209e+01 -5.951243600000000100e+01
4.091386500000000126e+01 -4.856020399999999881e+01
4.101594699999999705e+01 -4.792739600000000166e+01
4.103098599999999863e+01 -4.896056800000000209e+01
4.240646600000000177e+01 -5.697698299999999705e+01
4.266556899999999786e+01 -4.723854899999999901e+01
4.318810700000000224e+01 -4.841237900000000138e+01
4.346193600000000146e+01 -6.077245800000000031e+01
4.357292600000000249e+01 -5.895258299999999707e+01
4.360068199999999905e+01 -6.086411400000000071e+01
4.405434300000000292e+01 -4.273286800000000341e+01
4.408271200000000078e+01 -4.235889699999999891e+01
4.409967600000000232e+01 -5.629796100000000081e+01
4.424046799999999990e+01 -4.761104900000000129e+01
4.433577799999999769e+01 -6.084501300000000157e+01
4.435059799999999797e+01 -5.754264200000000073e+01
4.439339999999999975e+01 -5.871070300000000231e+01
4.444634800000000041e+01 -4.829695699999999903e+01
4.452271700000000010e+01 -5.392332300000000345e+01
4.490069700000000097e+01 -4.593523600000000329e+01
4.514429899999999662e+01 -6.326374400000000264e+01
4.525085299999999933e+01 -4.886872699999999980e+01
4.547699200000000275e+01 -6.494734599999999602e+01
4.606190000000000140e+01 -4.936118799999999851e+01
4.607016600000000039e+01 -4.403142199999999917e+01
4.615031400000000161e+01 -4.781149500000000074e+01
4.621606799999999993e+01 -5.407501899999999750e+01
4.674499899999999997e+01 -4.781789100000000303e+01
4.683364900000000119e+01 -6.243270600000000314e+01
4.687817100000000181e+01 -4.139033799999999985e+01
4.695161699999999882e+01 -5.070714399999999955e+01
4.726229299999999967e+01 -4.997412200000000126e+01
4.762910999999999717e+01 -4.678341700000000003e+01
4.782893399999999673e+01 -6.390733600000000081e+01
4.826199600000000345e+01 -5.675480400000000003e+01
4.848090200000000038e+01 -5.357808500000000151e+01
4.860957599999999701e+01 -6.151043099999999697e+01
4.869616500000000059e+01 -4.032177800000000190e+01
4.882669899999999785e+01 -4.399740200000000101e+01
4.932159800000000160e+01 -5.958513200000000154e+01
4.945304399999999845e+01 -4.882674800000000204e+01
4.984783099999999934e+01 -5.220266300000000115e+01
4.995237900000000053e+01 -5.429391400000000090e+01
5.003099399999999974e+01 -5.800983800000000201e+01
5.032426499999999692e+01 -4.877433299999999861e+01
5.066039399999999659e+01 -4.359174099999999896e+01
5.091662300000000130e+01 -4.922152200000000022e+01
5.105297800000000308e+01 -6.260214700000000221e+01
5.133913299999999680e+01 -5.154352500000000248e+01
5.171976000000000084e+01 -5.091021099999999677e+01
5.176510900000000248e+01 -4.655999599999999816e+01
5.216746299999999792e+01 -5.569573599999999658e+01
5.225937400000000110e+01 -4.048674799999999863e+01
5.272866700000000151e+01 -5.246977300000000355e+01
5.303402400000000227e+01 -4.101134700000000066e+01
5.316517699999999991e+01 -5.307576900000000109e+01
5.331846300000000127e+01 -5.870253600000000205e+01
5.354640500000000003e+01 -4.699322699999999742e+01
5.368001399999999990e+01 -4.676293600000000339e+01
5.370965100000000092e+01 -4.826382900000000120e+01
5.412136000000000280e+01 -4.706924300000000017e+01
5.415682300000000282e+01 -4.009723499999999774e+01
5.426984000000000208e+01 -4.471049200000000212e+01
5.445732100000000031e+01 -4.947375000000000256e+01
5.446916600000000130e+01 -6.301027799999999957e+01
5.447082300000000288e+01 -6.211753999999999820e+01
5.453102499999999964e+01 -4.022863000000000255e+01
5.469378900000000243e+01 -4.718822300000000070e+01
5.478624700000000303e+01 -3.987338799999999850e+01
5.489079100000000011e+01 -4.575347000000000008e+01
5.528020399999999768e+01 -5.046113700000000080e+01
5.534869400000000184e+01 -6.171931500000000170e+01
5.539806200000000302e+01 -5.752381299999999698e+01
5.552199099999999987e+01 -5.391184599999999705e+01
5.556043799999999777e+01 -4.047853099999999671e+01
5.576171500000000236e+01 -5.530324699999999893e+01
5.609223500000000229e+01 -5.487943800000000039e+01
5.620682800000000157e+01 -5.530179300000000353e+01
5.625100299999999720e+01 -6.433257500000000562e+01
5.657330600000000231e+01 -5.865308000000000277e+01
5.672472199999999987e+01 -5.465053199999999833e+01
5.707373599999999669e+01 -4.525096599999999825e+01
5.772155699999999712e+01 -4.633422600000000102e+01
5.775445700000000215e+01 -4.115659999999999741e+01
5.793239599999999712e+01 -5.661317799999999778e+01
5.823671800000000331e+01 -5.679964900000000227e+01
5.826390399999999659e+01 -4.831599500000000091e+01
5.830583899999999886e+01 -5.320953099999999836e+01
5.838528699999999816e+01 -5.072779100000000341e+01
5.856122899999999731e+01 -5.907332300000000203e+01
5.865837899999999649e+01 -5.185885799999999790e+01
5.867201299999999975e+01 -4.098048500000000161e+01
5.867272100000000279e+01 -6.053802699999999959e+01
5.908545399999999859e+01 -5.363311300000000159e+01
5.936697399999999902e+01 -4.535017100000000312e+01
5.983619300000000152e+01 -5.231569300000000311e+01
6.057698599999999800e+01 -4.618914600000000092e+01
6.070653800000000189e+01 -6.150023500000000354e+01
6.094672899999999771e+01 -5.558376299999999759e+01
6.096808800000000161e+01 -5.732366900000000243e+01
6.105470700000000051e+01 -6.518204299999999307e+01
6.119777700000000209e+01 -4.430441400000000129e+01
6.128610700000000122e+01 -4.681112399999999951e+01
6.149173400000000100e+01 -4.927085499999999740e+01
6.167553900000000056e+01 -5.130525399999999792e+01
6.169060199999999838e+01 -5.492097600000000313e+01
6.172746300000000019e+01 -4.808656599999999770e+01
6.209182100000000304e+01 -4.493882200000000182e+01
6.251696199999999948e+01 -6.372754400000000174e+01
6.261484899999999953e+01 -5.490100600000000242e+01
6.281544000000000239e+01 -4.832175199999999649e+01
6.285974099999999964e+01 -6.368036599999999936e+01
6.302478800000000092e+01 -5.772013100000000208e+01
6.322974099999999709e+01 -5.110980500000000148e+01
6.392389500000000169e+01 -4.635616199999999765e+01
6.413800999999999419e+01 -4.963575600000000065e+01
6.416296099999999569e+01 -6.399643700000000024e+01
6.434505000000000052e+01 -4.781392100000000056e+01
6.440974400000000344e+01 -4.446404499999999871e+01
6.466929899999999520e+01 -4.588196800000000053e+01
6.500069399999999575e+01 -5.275119899999999973e+01
6.532063700000000495e+01 -4.876115500000000225e+01
6.559231099999999515e+01 -5.167546899999999965e+01
6.574903799999999876e+01 -4.614362100000000311e+01
6.593519999999999470e+01 -6.171765800000000013e+01
6.600445700000000215e+01 -4.411072000000000060e+01
6.651990299999999934e+01 -5.491967999999999961e+01
6.667639200000000699e+01 -5.427633099999999899e+01
6.703048300000000381e+01 -6.082918399999999792e+01
6.730730599999999697e+01 -4.393002400000000307e+01
6.743153599999999415e+01 -5.256094600000000128e+01
6.770940000000000225e+01 -6.285477199999999698e+01
6.784168800000000488e+01 -6.143502199999999647e+01
6.805253500000000599e+01 -6.184969199999999745e+01
6.825410800000000222e+01 -5.650249900000000025e+01
6.925991700000000151e+01 -5.312060400000000016e+01
6.957486400000000515e+01 -5.432124400000000009e+01
6.980865799999999410e+01 -4.601418499999999767e+01
6.992895900000000609e+01 -5.350375400000000070e+01
7.023067299999999591e+01 -4.696537099999999754e+01
7.045114200000000437e+01 -4.891903800000000047e+01
7.069396299999999655e+01 -4.315275599999999656e+01
7.074893899999999292e+01 -6.164175699999999836e+01
7.111360899999999674e+01 -5.605762299999999954e+01
7.116833699999999396e+01 -4.387351499999999760e+01
7.126634900000000528e+01 -4.943359499999999684e+01
7.127751299999999901e+01 -4.250871699999999720e+01
7.151559399999999300e+01 -5.882278199999999657e+01
7.173250899999999319e+01 -4.610118400000000349e+01
7.178213300000000174e+01 -5.069911599999999652e+01
7.184453299999999842e+01 -5.092269300000000243e+01
7.201602499999999907e+01 -4.060309900000000027e+01
7.213145600000000002e+01 -4.353865299999999650e+01
7.227416800000000308e+01 -4.902460399999999652e+01
7.296607899999999347e+01 -4.987958299999999667e+01
7.300343599999999356e+01 -4.811016000000000048e+01
7.309500300000000550e+01 -4.003936300000000159e+01
7.373524899999999604e+01 -4.218394299999999930e+01
7.399727099999999780e+01 -4.199308800000000019e+01
7.411626099999999440e+01 -5.127684099999999745e+01
7.412116100000000074e+01 -4.910560499999999706e+01
7.414748699999999815e+01 -6.168381999999999721e+01
7.417531499999999767e+01 -5.638549100000000180e+01
7.460330500000000598e+01 -5.769587099999999680e+01
7.492692900000000122e+01 -4.978723999999999705e+01
7.511981500000000267e+01 -4.722928900000000141e+01
7.521079799999999693e+01 -4.585635299999999859e+01
7.524246100000000581e+01 -5.127085699999999946e+01
7.529323499999999569e+01 -4.492695899999999654e+01
7.554503200000000618e+01 -6.123205099999999845e+01
7.572290700000000641e+01 -6.081124899999999656e+01
7.600687100000000385e+01 -4.948541099999999915e+01
7.636806900000000553e+01 -4.208112100000000311e+01
7.639660700000000304e+01 -6.175047800000000109e+01
7.716370399999999563e+01 -6.181879899999999850e+01
7.733738800000000424e+01 -5.370532299999999992e+01
7.747413500000000397e+01 -6.130670700000000295e+01
7.758053900000000169e+01 -4.532698899999999753e+01
7.792091700000000287e+01 -5.190437200000000217e+01
7.815869399999999700e+01 -5.166214399999999785e+01
7.908606299999999578e+01 -6.320832000000000050e+01
7.915128400000000397e+01 -5.451083100000000314e+01
7.923975400000000491e+01 -5.791668800000000061e+01
7.928438599999999781e+01 -6.131806499999999716e+01
7.940936200000000156e+01 -6.319885000000000019e+01
7.985353999999999530e+01 -4.280664099999999905e+01
8.030118899999999371e+01 -5.107656300000000016e+01
8.051587000000000671e+01 -5.043938399999999689e+01
8.056665200000000482e+01 -4.830250999999999806e+01
8.120911399999999958e+01 -4.062378799999999757e+01
8.145548200000000350e+01 -4.725561100000000181e+01
8.150866000000000611e+01 -5.031465899999999891e+01
8.201959100000000547e+01 -5.300238600000000133e+01
8.206097499999999911e+01 -4.429221700000000084e+01
8.234929200000000549e+01 -6.085778599999999727e+01
8.247321100000000627e+01 -5.337406000000000006e+01
8.248574000000000694e+01 -4.163645000000000351e+01
8.267539899999999875e+01 -4.165020200000000017e+01
8.303072000000000230e+01 -5.484450300000000311e+01
8.340088199999999574e+01 -5.009008000000000038e+01
8.360821599999999876e+01 -5.962565200000000232e+01
8.366545999999999594e+01 -4.879645899999999870e+01
8.379341100000000608e+01 -5.993939900000000165e+01
8.394641099999999767e+01 -4.802294200000000046e+01
8.416304399999999930e+01 -6.115430800000000033e+01
8.435482500000000528e+01 -6.506953500000000190e+01
8.495610399999999629e+01 -6.022724099999999936e+01
8.500426799999999616e+01 -5.774052300000000315e+01
8.571666700000000105e+01 -4.100444300000000197e+01
8.575637100000000146e+01 -6.232520499999999686e+01
8.594474499999999750e+01 -4.283789199999999653e+01
8.624558000000000391e+01 -3.984526400000000024e+01
8.649566500000000246e+01 -5.088138899999999865e+01
8.655130900000000338e+01 -4.788190099999999916e+01
8.659738400000000524e+01 -3.986870400000000103e+01
8.665251800000000060e+01 -5.376246499999999884e+01
8.673421899999999596e+01 -6.067226099999999889e+01
8.677815300000000320e+01 -5.044003000000000014e+01
8.724193699999999296e+01 -4.368191499999999650e+01
8.733436899999999525e+01 -6.208576399999999751e+01
8.755036900000000344e+01 -5.032357600000000275e+01
8.768253199999999481e+01 -6.397456900000000246e+01
8.786151599999999462e+01 -4.967363199999999779e+01
8.787975199999999631e+01 -4.365956400000000315e+01
8.790414400000000228e+01 -5.715565800000000252e+01
8.817831400000000031e+01 -4.962084500000000276e+01
8.886619100000000060e+01 -6.410319499999999948e+01
8.920255600000000129e+01 -5.406093500000000063e+01
8.933846400000000187e+01 -5.126948699999999803e+01
8.945567400000000191e+01 -4.123103900000000266e+01
8.992509800000000553e+01 -5.282602899999999835e+01
8.994193900000000497e+01 -6.038324399999999770e+01
9.003478400000000192e+01 -4.107012600000000191e+01
9.006144000000000460e+01 -4.388790600000000097e+01
9.025147200000000680e+01 -5.207965399999999789e+01
9.049881799999999998e+01 -4.136990999999999730e+01
9.098830399999999941e+01 -4.723789200000000221e+01
9.100069999999999482e+01 -4.328529699999999991e+01
9.101145999999999958e+01 -4.174445200000000256e+01
9.189840800000000343e+01 -4.480332899999999796e+01
9.277937699999999666e+01 -6.000867199999999713e+01
9.280681800000000692e+01 -5.964122799999999813e+01
9.292115400000000136e+01 -4.741111300000000028e+01
9.302485799999999472e+01 -4.329921900000000079e+01
9.345576800000000617e+01 -5.645969000000000193e+01
9.396498900000000276e+01 -5.777627300000000332e+01
9.406848700000000463e+01 -4.412226199999999920e+01
9.428079200000000526e+01 -5.513207700000000244e+01
9.492208599999999308e+01 -5.803823299999999819e+01
9.509653000000000134e+01 -4.725914900000000074e+01
9.571039000000000385e+01 -4.676579100000000011e+01
9.587540400000000318e+01 -5.059979700000000236e+01
9.626514000000000237e+01 -6.358924199999999871e+01
9.643412399999999707e+01 -4.748186499999999910e+01
9.643823399999999424e+01 -4.350028100000000109e+01
9.674111200000000110e+01 -4.477483800000000258e+01
9.720488100000000031e+01 -4.172503700000000038e+01
9.756403299999999490e+01 -4.536652999999999736e+01
9.836226899999999773e+01 -4.890014399999999739e+01
9.840838700000000472e+01 -4.422323899999999952e+01
9.916856300000000601e+01 -4.970339400000000296e+01
9.925998500000000035e+01 -6.120640300000000167e+01
9.927737399999999468e+01 -4.345125800000000282e+01
9.934668000000000632e+01 -4.848769399999999763e+01
9.943679699999999855e+01 -4.784154300000000148e+01
9.957046900000000278e+01 -4.271828599999999909e+01
9.969776600000000144e+01 -5.397486599999999868e+01
1.000645200000000017e+02 -5.122044999999999959e+01
1.002894799999999975e+02 -4.756566399999999817e+01
1.003788200000000046e+02 -5.984899999999999665e+01
1.004587199999999996e+02 -5.001714900000000341e+01
1.006961000000000013e+02 -6.317495999999999867e+01
1.009332399999999978e+02 -4.559779799999999739e+01
1.009549700000000030e+02 -5.094864599999999655e+01
1.013734900000000039e+02 -5.422137200000000234e+01
1.016390600000000006e+02 -6.261359499999999656e+01
1.019843400000000031e+02 -5.848013999999999868e+01
1.021254399999999976e+02 -4.637535400000000152e+01
1.024473399999999970e+02 -4.516850500000000324e+01
1.026814899999999966e+02 -4.506413299999999822e+01
1.028193100000000015e+02 -4.062730100000000277e+01
1.031063400000000030e+02 -4.156510500000000263e+01
1.033315999999999946e+02 -5.774895500000000226e+01
1.037630400000000037e+02 -4.448371699999999862e+01
1.037824200000000019e+02 -4.159564000000000306e+01
1.039137199999999979e+02 -5.569312699999999694e+01
1.039625999999999948e+02 -5.256774300000000011e+01
1.045207500000000067e+02 -4.602744599999999764e+01
1.046316699999999997e+02 -5.594654400000000294e+01
1.047763499999999937e+02 -5.301142999999999716e+01
3.013390999999999735e+02 -5.658962999999999965e+01
3.016622399999999971e+02 -5.343025699999999745e+01
3.024260199999999941e+02 -5.794880700000000218e+01
3.024496199999999817e+02 -4.531159900000000107e+01
3.027775899999999751e+02 -5.367255300000000062e+01
3.027786199999999894e+02 -5.247247800000000240e+01
3.028527399999999830e+02 -5.742169700000000176e+01
3.029657599999999888e+02 -4.900268100000000260e+01
3.030007800000000202e+02 -4.150112299999999976e+01
3.031127999999999929e+02 -5.682977100000000092e+01
3.034943599999999719e+02 -5.454408699999999754e+01
3.039840699999999742e+02 -5.507249300000000147e+01
3.040049900000000207e+02 -4.529776100000000127e+01
3.040128500000000145e+02 -4.991437100000000271e+01
3.044835600000000113e+02 -6.297821799999999826e+01
3.047697800000000257e+02 -5.671005699999999905e+01
3.050273300000000063e+02 -6.324339700000000164e+01
3.051899599999999850e+02 -4.676972899999999811e+01
3.054794499999999857e+02 -5.295421699999999987e+01
3.055260599999999727e+02 -6.339893000000000001e+01
3.058375800000000027e+02 -5.559063199999999938e+01
3.060268300000000181e+02 -4.785894600000000310e+01
3.062465300000000070e+02 -4.458806599999999776e+01
3.064836500000000115e+02 -5.129012999999999778e+01
3.066145399999999768e+02 -4.522681099999999788e+01
3.069264600000000200e+02 -4.267200400000000116e+01
3.077036299999999756e+02 -5.663616900000000243e+01
3.079669299999999907e+02 -4.061970000000000169e+01
3.080806900000000041e+02 -5.645804499999999848e+01
3.085193899999999871e+02 -4.309350599999999787e+01
3.085400799999999890e+02 -5.960170899999999961e+01
3.086586599999999976e+02 -6.531031900000000689e+01
3.088011500000000069e+02 -5.285188399999999831e+01
3.088438400000000001e+02 -4.821739199999999670e+01
3.089017799999999738e+02 -5.624022200000000282e+01
3.098236699999999928e+02 -5.738663400000000081e+01
3.098450900000000274e+02 -4.172729100000000102e+01
3.100572700000000168e+02 -5.742951800000000162e+01
3.102194000000000074e+02 -5.371155999999999864e+01
3.102483199999999783e+02 -4.486022799999999933e+01
3.106007500000000050e+02 -4.316833499999999901e+01
3.107931699999999751e+02 -5.623629999999999995e+01
3.108283900000000131e+02 -5.059383900000000267e+01
3.113673699999999940e+02 -6.044880100000000311e+01
3.122650600000000054e+02 -3.989048100000000119e+01
3.124204799999999977e+02 -6.173682199999999654e+01
3.125706000000000131e+02 -4.221731799999999879e+01
3.128000499999999988e+02 -6.293442999999999898e+01
3.139956700000000183e+02 -5.493676800000000071e+01
3.141866800000000239e+02 -4.409586999999999790e+01
3.142173999999999978e+02 -5.499373500000000092e+01
3.145878999999999905e+02 -5.614529199999999776e+01
3.147042000000000144e+02 -4.045002699999999862e+01
3.149321600000000103e+02 -5.030569200000000052e+01
3.150932700000000182e+02 -4.580513700000000199e+01
3.151500100000000089e+02 -5.713585599999999687e+01
3.153077200000000175e+02 -5.570381199999999922e+01
3.154579400000000078e+02 -6.139811000000000263e+01
3.165129699999999957e+02 -5.834671099999999910e+01
3.165206299999999828e+02 -5.874507400000000246e+01
3.165710799999999949e+02 -4.435366700000000151e+01
3.166539700000000153e+02 -6.304910199999999776e+01
3.166639700000000062e+02 -6.032992500000000291e+01
3.171911000000000058e+02 -4.476461599999999663e+01
3.173824599999999805e+02 -5.067651399999999740e+01
3.174488400000000183e+02 -4.643656899999999865e+01
3.175513799999999947e+02 -5.274918000000000262e+01
3.179225799999999822e+02 -5.365034899999999851e+01
3.182128500000000031e+02 -4.458074899999999730e+01
3.188010899999999879e+02 -4.699100700000000330e+01
3.197316500000000019e+02 -5.093248299999999773e+01
3.201370900000000006e+02 -4.027295399999999859e+01
3.201508000000000038e+02 -6.530715200000000209e+01
3.201597300000000246e+02 -4.747818199999999678e+01
3.202689899999999739e+02 -5.577815999999999974e+01
3.204272000000000276e+02 -6.358398300000000347e+01
3.207089399999999841e+02 -4.100580099999999817e+01
3.211461899999999901e+02 -6.141017899999999941e+01
3.212906100000000151e+02 -6.123256099999999691e+01
3.219932000000000016e+02 -6.472803500000000554e+01
3.227081299999999828e+02 -4.879955000000000354e+01
3.227232099999999946e+02 -6.263835499999999712e+01
3.227279500000000212e+02 -6.497669799999999896e+01
3.227659400000000005e+02 -4.032164399999999915e+01
3.229729899999999816e+02 -5.006379400000000146e+01
3.231698200000000156e+02 -4.382880800000000221e+01
3.235019500000000221e+02 -4.264382499999999965e+01
3.235287999999999897e+02 -4.115928499999999701e+01
3.239163500000000226e+02 -5.744091000000000236e+01
3.240353700000000003e+02 -6.275343300000000113e+01
3.241190500000000156e+02 -4.708183700000000016e+01
3.241202799999999797e+02 -5.739675299999999680e+01
3.242345900000000256e+02 -6.312443100000000129e+01
3.242392600000000016e+02 -5.531963999999999970e+01
3.244195700000000215e+02 -6.462408200000000136e+01
3.245052299999999832e+02 -6.013334400000000102e+01
3.249603200000000243e+02 -6.450946700000000078e+01
3.250329899999999839e+02 -5.351783600000000263e+01
3.251391100000000165e+02 -5.745757499999999851e+01
3.258481400000000008e+02 -5.516029799999999739e+01
3.259575699999999756e+02 -4.649980000000000047e+01
3.263639699999999948e+02 -4.380292599999999936e+01
3.264682099999999991e+02 -5.674755700000000047e+01
3.265310299999999870e+02 -4.878000099999999861e+01
3.266462399999999775e+02 -4.655003399999999658e+01
3.266957300000000259e+02 -5.761477000000000004e+01
3.270984599999999887e+02 -4.872925899999999899e+01
3.271811999999999898e+02 -6.127796899999999880e+01
3.273758100000000013e+02 -5.350110899999999958e+01
3.281449700000000007e+02 -5.656319500000000033e+01
3.281926000000000272e+02 -4.649542199999999781e+01
3.288871399999999880e+02 -5.241156800000000260e+01
3.289850400000000263e+02 -6.080777700000000152e+01
3.295415399999999977e+02 -5.485014499999999771e+01
3.295692300000000046e+02 -4.885325300000000226e+01
3.299910499999999729e+02 -6.274139399999999966e+01
3.301775900000000092e+02 -4.146777800000000269e+01
3.302110400000000254e+02 -4.769175400000000309e+01
3.302305200000000127e+02 -4.282361399999999918e+01
3.304734399999999823e+02 -5.994371100000000041e+01
3.307988199999999779e+02 -5.078985399999999828e+01
3.308529199999999832e+02 -4.988818100000000300e+01
3.309184500000000071e+02 -5.829942499999999939e+01
3.312664500000000203e+02 -5.945638199999999784e+01
3.315242600000000266e+02 -4.229167900000000202e+01
3.316182699999999954e+02 -4.095253199999999794e+01
3.316557799999999929e+02 -5.812903500000000179e+01
3.319363399999999729e+02 -4.787251700000000199e+01
3.328259699999999839e+02 -4.856031099999999867e+01
3.337183899999999994e+02 -4.670504400000000089e+01
3.344895099999999957e+02 -6.515058899999999653e+01
3.345419699999999921e+02 -5.554675999999999902e+01
3.347485800000000040e+02 -4.532052300000000145e+01
3.349614199999999755e+02 -5.713841699999999690e+01
3.350808900000000108e+02 -4.558240800000000092e+01
3.357121999999999957e+02 -4.857345399999999813e+01
3.358143800000000283e+02 -5.026636299999999835e+01
3.358668999999999869e+02 -5.246512700000000251e+01
3.372152500000000259e+02 -5.846858199999999783e+01
3.373891100000000165e+02 -4.334108100000000263e+01
3.379799699999999802e+02 -5.279058500000000009e+01
3.381487300000000005e+02 -5.999034900000000192e+01
3.382318599999999833e+02 -6.185580600000000118e+01
3.383295299999999770e+02 -5.365018500000000046e+01
3.383648200000000088e+02 -4.749117799999999789e+01
3.388637100000000260e+02 -4.426938499999999976e+01
3.392186199999999872e+02 -4.592793799999999749e+01
3.403170400000000200e+02 -4.001821000000000339e+01
3.404364899999999921e+02 -4.596848399999999657e+01
3.404748900000000162e+02 -4.260041799999999768e+01
3.405195299999999747e+02 -4.458968000000000131e+01
3.412604099999999789e+02 -6.211361300000000085e+01
3.421906900000000178e+02 -4.452685900000000174e+01
3.424068800000000010e+02 -4.471583900000000256e+01
3.424295700000000124e+02 -6.443416100000000313e+01
3.426822900000000232e+02 -4.814468800000000215e+01
3.427890600000000063e+02 -4.880322100000000063e+01
3.435144799999999918e+02 -6.324501500000000220e+01
3.435870400000000018e+02 -4.912740300000000104e+01
3.435880099999999970e+02 -4.634364399999999762e+01
3.435894599999999741e+02 -5.808506100000000316e+01
3.438763299999999958e+02 -5.294631900000000257e+01
3.440024300000000039e+02 -5.424359400000000164e+01
3.447050699999999779e+02 -4.073856500000000125e+01
3.447528199999999856e+02 -6.095457499999999840e+01
3.448137600000000020e+02 -3.987404999999999688e+01
3.449818399999999770e+02 -5.452936199999999900e+01
3.449954900000000180e+02 -5.628585600000000255e+01
3.450615399999999795e+02 -5.180034400000000261e+01
3.451037600000000225e+02 -4.501148400000000294e+01
3.451761000000000195e+02 -5.351900799999999947e+01
3.452342800000000125e+02 -5.255068800000000095e+01
3.454669000000000096e+02 -5.577675700000000347e+01
3.454687200000000189e+02 -4.039115000000000322e+01
3.455851000000000113e+02 -4.458497400000000255e+01
3.466121099999999728e+02 -5.133695900000000023e+01
3.467297800000000052e+02 -6.509104200000000162e+01
3.472351100000000201e+02 -4.856786499999999762e+01
3.473891100000000165e+02 -4.151586900000000213e+01
3.478447100000000205e+02 -4.206367000000000189e+01
3.479923600000000192e+02 -5.834518299999999869e+01
3.480560399999999959e+02 -4.635228500000000196e+01
3.484995099999999866e+02 -4.272560000000000002e+01
3.491949599999999805e+02 -4.500351100000000315e+01
3.492081900000000019e+02 -5.489778700000000100e+01
3.492756899999999973e+02 -4.712131999999999721e+01
3.499827900000000227e+02 -4.727872200000000191e+01
3.504022400000000061e+02 -5.432305000000000206e+01
3.513042599999999993e+02 -4.119590199999999669e+01
3.517818399999999883e+02 -5.161894000000000204e+01
3.520576100000000110e+02 -4.628018099999999890e+01
3.524732999999999947e+02 -5.852449099999999760e+01
3.525707600000000070e+02 -4.503442400000000134e+01
3.529608400000000188e+02 -5.086392699999999678e+01
3.530273199999999747e+02 -5.088953599999999966e+01
3.531057200000000194e+02 -5.396754500000000121e+01
3.537861100000000079e+02 -4.573887299999999811e+01
3.539709799999999973e+02 -4.273277000000000214e+01
3.543522500000000264e+02 -5.970492899999999992e+01
3.543988600000000133e+02 -5.920458099999999746e+01
3.547996200000000044e+02 -4.096966799999999864e+01
3.552991000000000099e+02 -5.132807199999999881e+01
3.553568300000000022e+02 -5.741579899999999981e+01
3.556891800000000217e+02 -5.418562099999999759e+01
3.557453499999999735e+02 -4.724119799999999714e+01
3.561481099999999742e+02 -4.240997600000000034e+01
3.561846899999999891e+02 -4.272092299999999909e+01
3.562555300000000216e+02 -6.409593300000000227e+01
3.577272100000000137e+02 -5.302119700000000080e+01
3.578977699999999800e+02 -5.488291300000000206e+01
3.580509999999999877e+02 -5.877581500000000148e+01
3.580631300000000010e+02 -4.695688200000000023e+01
3.581938999999999851e+02 -6.156707600000000014e+01
3.582559499999999844e+02 -5.520498299999999858e+01
3.587121599999999830e+02 -5.655448499999999967e+01
3.589497999999999820e+02 -5.093197700000000339e+01
3.590126799999999889e+02 -4.234964599999999990e+01
3.590821300000000065e+02 -6.024478899999999726e+01
3.595314300000000003e+02 -5.248400800000000288e+01
3.596420699999999897e+02 -4.171730199999999655e+01
3.597075399999999945e+02 -6.148624000000000223e+01
3.597305600000000254e+02 -4.390255299999999750e+01
3.598859100000000240e+02 -5.745789400000000313e+01
3.599229599999999891e+02 -5.016490300000000246e+01
